500
7 12 869 490 723
9 4 870 372 884
1 7 356 590 472
1 8 635 465 909
12 6 243 144 142
1 4 900 570 729
0 11 368 853 460
0 10 670 503 84
11 10 131 345 479
11 1 32 336 838
8 4 114 831 474
13 12 785 889 78
4 13 148 476 353
13 6 415 311 934
3 11 64 178 434
4 14 305 388 494
3 4 903 100 679
2 1 375 871 216
0 4 964 620 242
6 9 914 77 929
3 9 537 812 187
8 7 521 628 325
13 8 615 94 595
6 0 132 860 994
5 0 861 521 305
6 13 813 571 637
9 13 592 132 116
4 11 491 529 989
9 4 960 666 717
13 2 611 28 507
6 4 651 95 337
3 12 794 367 68
0 11 490 390 522
3 0 736 550 449
0 6 354 815 341
10 8 702 235 259
14 4 12 545 696
12 9 784 269 558
5 3 935 432 135
9 7 71 825 648
14 12 331 964 388
1 13 78 865 62
6 3 525 457 209
11 5 317 995 9
12 8 68 617 368
12 3 250 266 682
14 9 440 448 244
13 12 454 187 828
3 5 218 868 695
3 7 257 122 629
1 3 865 588 432
1 9 843 129 171
5 14 348 392 676
5 2 697 4 249
11 9 322 802 664
7 13 599 845 796
10 6 22 392 114
7 13 849 843 962
4 1 600 857 619
13 10 81 957 400
3 11 511 240 702
1 0 748 899 292
8 14 143 744 193
8 5 214 615 328
13 2 954 951 645
4 13 184 452 914
1 9 269 358 395
7 14 102 953 976
10 3 799 820 793
2 8 304 146 656
8 2 804 748 663
0 1 704 600 923
11 14 587 472 303
11 6 531 244 351
13 12 59 691 65
9 0 944 868 612
0 2 596 275 619
10 12 774 363 597
11 9 765 320 40
4 7 412 782 954
11 9 268 511 918
8 12 260 823 585
6 1 585 923 560
12 4 28 566 437
11 5 389 737 427
4 11 643 559 91
14 2 104 57 499
3 14 807 517 501
14 0 63 530 169
3 4 32 150 212
14 5 309 715 20
3 2 552 583 38
0 3 36 466 267
8 2 339 252 138
6 4 477 401 308
2 9 470 449 167
3 5 957 462 68
2 6 204 72 650
14 9 396 234 224
6 5 573 644 140
11 12 53 365 336
2 9 276 810 739
5 14 991 354 371
11 0 248 297 935
9 1 302 347 976
4 9 105 972 500
8 4 504 30 200
7 1 820 686 735
4 2 805 512 639
12 1 308 389 695
3 6 932 284 790
12 0 647 820 707
6 1 766 996 319
2 4 405 401 593
6 13 860 364 10
7 4 58 377 632
8 4 227 650 914
8 3 84 822 444
4 1 696 572 212
5 3 218 209 701
3 7 454 544 255
0 8 573 224 536
9 10 919 437 664
7 14 0 998 120
0 4 861 712 586
11 2 720 669 926
1 8 257 70 184
5 11 231 193 9
6 0 492 381 882
6 13 350 570 33
5 12 863 717 662
13 12 38 794 439
14 0 754 621 963
13 8 520 28 420
6 8 719 359 393
1 4 565 642 675
9 11 780 741 846
12 2 554 494 20
6 10 95 676 682
9 7 736 410 734
12 3 266 298 552
13 9 510 81 16
7 12 513 967 344
7 12 477 236 303
11 6 773 248 297
1 3 753 160 517
9 0 72 140 268
4 14 981 245 87
1 3 986 13 708
8 5 969 452 305
7 11 375 487 590
2 11 659 46 956
5 4 383 689 38
14 5 781 900 190
2 9 614 56 66
7 11 271 153 889
14 10 453 625 827
3 11 524 43 548
4 6 470 954 46
5 14 215 355 621
11 0 176 820 399
6 3 710 117 879
3 4 667 71 176
5 7 473 200 870
7 0 685 800 807
0 9 550 344 484
6 11 119 727 494
2 14 35 982 154
10 4 283 731 945
4 13 19 25 200
6 5 600 627 368
13 10 100 448 963
2 11 4 521 164
5 12 595 587 95
7 14 905 29 669
9 12 625 858 856
7 11 803 856 825
3 6 882 509 164
8 0 587 995 179
6 11 134 527 328
0 5 923 15 931
6 4 746 617 16
10 8 403 836 407
1 14 128 517 498
1 0 182 26 564
7 3 125 669 823
1 7 973 931 169
11 2 180 127 859
1 10 240 342 132
11 3 269 111 898
14 5 776 323 212
7 13 71 979 439
14 1 642 208 137
14 10 557 247 64
5 12 797 405 398
0 12 800 80 984
1 0 517 11 445
0 9 819 318 280
0 12 947 821 873
9 8 92 60 382
6 13 744 993 945
14 8 505 829 42
6 2 398 502 978
14 2 553 237 839
0 11 317 608 257
12 11 710 320 888
2 5 154 237 378
8 4 433 542 148
8 0 759 192 816
1 12 142 225 927
13 2 639 356 723
10 12 833 738 229
7 9 681 840 919
0 13 844 76 830
8 9 159 406 695
12 14 464 845 888
7 1 307 368 55
9 13 662 49 53
9 14 489 614 662
3 13 661 24 146
3 1 72 859 276
5 13 671 297 463
10 4 38 466 710
0 6 658 84 307
3 2 283 282 401
0 6 914 806 385
7 5 608 619 691
11 4 883 215 974
0 1 988 850 713
9 1 158 682 351
12 4 163 616 683
5 2 185 801 33
14 8 29 425 310
9 1 888 400 603
1 3 647 124 892
5 9 764 294 113
9 8 351 304 856
14 7 968 855 575
10 4 811 266 10
2 10 31 995 515
1 12 443 823 3
6 12 324 56 34
14 4 967 573 654
7 12 353 671 764
5 4 384 118 463
8 9 82 461 855
11 1 733 973 442
3 2 230 307 741
7 0 921 952 565
6 2 697 72 646
4 2 957 869 399
8 3 655 16 125
7 8 399 40 145
8 12 406 377 262
10 8 137 510 702
12 0 276 579 957
8 4 85 694 506
9 12 443 220 936
0 10 67 178 302
2 1 45 364 833
7 14 300 808 328
14 8 166 427 335
12 10 186 71 283
6 0 418 348 610
12 0 523 398 124
3 8 544 952 60
7 8 708 765 397
5 3 652 679 640
5 13 478 476 998
2 10 101 530 925
11 12 652 741 169
2 12 5 260 136
10 3 676 624 600
10 3 558 754 617
5 6 254 815 312
7 9 828 913 124
13 2 312 55 931
10 13 767 300 567
2 3 122 142 297
8 10 165 243 716
8 11 271 657 596
0 12 780 282 212
12 14 550 571 330
8 1 180 320 776
0 14 884 385 824
10 14 302 547 695
3 2 78 576 939
12 4 328 427 310
13 5 257 275 964
9 14 734 387 552
4 13 362 279 559
14 7 285 410 513
2 12 816 542 223
14 13 345 603 653
12 7 864 99 587
7 13 777 93 843
10 8 354 507 819
11 10 647 335 115
4 11 388 257 443
7 10 475 651 304
10 13 601 188 869
12 11 852 582 671
8 10 516 277 132
14 7 529 722 424
0 4 949 13 76
14 9 722 533 83
0 7 709 25 277
6 13 757 226 552
5 1 653 187 274
5 14 920 977 925
8 7 992 750 841
5 7 404 62 25
8 2 841 550 916
0 13 810 232 579
0 7 851 49 588
10 7 164 656 575
1 3 317 693 600
1 12 602 377 87
0 6 535 167 569
7 14 870 321 722
1 11 856 476 843
10 5 385 144 357
3 5 971 56 715
10 2 741 291 675
3 12 635 532 82
13 8 607 974 233
3 11 650 734 21
0 3 754 141 504
11 8 849 557 563
13 6 464 343 260
0 13 912 931 321
11 3 326 449 412
13 6 371 730 639
14 4 522 687 318
12 13 291 49 710
0 1 228 977 968
9 11 636 778 172
9 10 80 90 832
8 4 150 720 435
5 11 403 206 543
8 6 368 124 981
5 11 827 940 414
12 3 139 441 701
4 10 60 332 989
8 4 377 194 370
5 7 603 865 846
8 2 851 50 153
5 13 451 930 488
11 14 334 749 820
5 3 77 876 127
2 0 849 427 709
0 13 477 622 120
3 7 665 200 21
0 14 928 419 956
6 12 460 295 593
14 0 977 571 891
8 10 888 285 333
3 5 80 495 265
3 6 787 798 210
7 5 195 129 305
5 8 0 421 222
6 10 677 444 592
7 10 256 22 824
10 5 994 543 857
14 10 421 459 429
12 2 379 978 482
0 10 962 334 650
2 13 333 172 268
14 1 524 951 579
5 13 667 745 815
3 14 739 247 679
4 13 884 541 231
11 1 473 833 369
2 8 789 643 865
2 12 474 152 759
12 0 369 670 605
7 6 628 169 409
9 3 795 301 659
7 10 907 148 620
12 14 735 571 616
1 6 105 466 156
8 1 905 187 711
13 2 290 16 347
4 12 463 856 886
7 1 495 205 836
13 2 988 880 689
0 12 930 928 484
1 10 576 614 501
11 0 107 907 41
8 7 410 793 579
6 11 542 372 133
12 3 301 143 610
1 0 419 481 561
12 11 626 105 853
12 13 351 908 634
5 9 245 121 781
3 13 138 121 119
14 11 633 251 440
4 6 661 347 258
3 10 622 704 435
9 8 878 743 432
1 5 211 357 367
10 1 449 224 964
1 0 261 298 909
13 11 360 42 308
6 12 289 612 98
2 9 252 776 182
0 1 266 92 124
12 14 159 914 322
14 13 951 438 954
10 11 1 145 441
2 7 679 489 30
10 3 683 672 918
5 7 765 802 241
1 3 597 608 298
0 10 842 258 698
4 6 629 682 640
1 4 906 815 553
2 14 298 19 761
10 9 798 513 608
14 8 723 301 337
14 13 781 431 213
11 6 855 576 250
2 3 892 765 445
8 0 365 675 84
10 7 848 827 17
3 9 41 732 182
14 13 70 191 853
2 12 403 184 36
2 12 223 895 366
14 9 869 90 612
11 8 289 671 297
4 7 308 785 650
12 14 283 817 510
10 13 279 220 609
3 6 491 914 943
0 12 178 716 812
5 0 712 897 906
4 11 803 444 125
4 6 31 561 999
8 1 88 176 843
3 4 739 871 689
5 2 982 275 919
14 10 132 564 205
10 12 131 584 688
3 5 312 169 831
0 11 95 117 296
3 6 234 77 895
4 9 47 963 546
8 10 996 919 414
6 0 706 639 682
13 9 501 111 315
12 8 556 333 803
12 0 123 670 904
4 10 458 774 164
10 13 329 107 396
11 7 647 874 80
6 13 490 599 136
7 9 531 646 921
14 1 495 886 634
9 14 150 644 728
6 13 932 718 521
5 14 796 219 675
14 2 747 99 21
9 3 876 927 25
12 3 600 537 718
0 4 204 663 757
10 1 14 489 501
11 1 974 338 708
5 9 913 414 850
0 14 253 824 939
12 13 967 597 110
6 14 352 652 433
6 8 182 303 947
9 10 710 827 630
14 10 588 283 982
13 0 404 626 539
0 10 735 680 429
1 0 853 154 507
11 12 848 433 470
14 12 157 841 485
9 6 190 68 521
2 13 413 69 118
2 12 865 399 918
1 9 117 840 597
11 13 369 456 586
3 0 35 623 252
13 0 136 723 70
3 1 395 561 26
6 10 862 12 440
7 4 79 912 665
2 9 470 52 234
8 14 320 657 98
4 2 143 695 551
0 14 705 347 118
4 13 21 276 676
13 4 795 85 599
0 4 208 258 970
3 7 161 216 719
7 14 924 107 216
