0 1 1 0 0 0 0 0 0 0 0 0 0 0 0 0 0 0 0 0 
1 0 0 1 1 0 0 0 0 0 0 0 0 0 0 0 0 0 0 0
1 0 0 0 1 1 1 0 0 0 0 0 0 0 0 0 0 0 0 0
0 0 0 0 0 0 0 1 1 0 0 0 0 0 0 0 0 0 0 0 
0 1 1 0 0 0 1 0 0 0 0 0 0 0 0 0 0 0 0 0
0 0 0 0 0 0 0 0 0 0 0 1 1 0 0 0 0 0 0 0
0 0 0 0 1 0 0 1 0 0 1 0 0 0 0 0 0 0 0 0
0 0 0 1 0 0 1 0 0 1 0 0 0 0 0 0 0 0 0 0
0 0 0 1 0 0 0 0 0 1 0 0 0 0 0 0 0 0 0 0
0 0 0 0 0 0 0 1 1 0 0 0 0 0 0 1 0 0 0 0 
0 0 0 0 0 0 1 0 0 0 0 1 0 0 1 0 0 0 0 0 
0 0 0 0 0 1 0 0 0 0 1 0 0 1 0 0 0 0 0 0
0 0 0 0 0 1 0 0 0 0 0 0 0 0 0 0 0 1 0 0 
0 0 0 0 0 0 0 0 0 0 0 1 0 0 0 0 0 0 1 0
0 0 0 0 0 0 0 0 0 0 1 0 0 0 0 0 1 0 0 0
0 0 0 0 0 0 0 0 0 1 0 0 0 0 0 0 1 0 0 1
0 0 0 0 0 0 0 0 0 0 0 0 0 0 1 1 0 0 1 1
0 0 0 0 0 0 0 0 0 0 0 0 1 0 0 0 0 0 1 0
0 0 0 0 0 0 0 0 0 0 0 0 0 1 0 0 1 1 0 0
0 0 0 0 0 0 0 0 0 0 0 0 0 0 0 1 1 0 0 0
19 3 100 512 100000
17 2 100 512 100000
13 3 100 512 100000
10 20 200 512 100000
5 19 100 512 100000
1 5 100 512 100000
1 4 400 512 100000
1 3 100 512 100000
4 19 100 512 100000
20 1 600 512 100000
3 15 100 512 100000
4 1 500 512 100000
7 13 100 512 100000
8 19 400 512 100000
9 18 900 512 100000
2 16 200 512 100000
2 15 100 512 100000
6 10 100 512 100000
6 19 200 512 100000
11 14 500 512 100000
11 20 700 512 100000
12 18 100 512 100000
12 3 800 512 100000
9 2 600 512 100000
8 2 200 512 100000
8 17 400 512 100000
2 20 600 512 100000
2 19 400 512 100000
3 12 900 512 100000
14 1 800 512 100000
5 3 800 512 100000
5 20 800 512 100000
20 2 200 512 100000
1 20 200 512 100000
13 7 900 512 100000
13 9 800 512 100000
12 5 900 512 100000
12 9 200 512 100000
17 12 800 512 100000
19 17 200 512 100000
11 1 100 512 100000
11 5 800 512 100000
4 7 900 512 100000
9 1 100 512 100000
2 16 800 512 100000
7 1  100 512 100000
7 20 100 512 100000
5 9 600 512 100000
5 19 200 512 100000
6 4 100 512 100000
3 17 800 512 100000
6 19 100 512 100000
3 8 600 512 100000
8 2 200 512 100000
3 11 100 512 100000
9 4 800 512 100000
14 5 600 512 100000
18 3 600 512 100000
2 18 100 512 100000
15 3 900 512 100000
