500
11 2 419 784 269
9 18 614 478 148
16 13 443 161 415
9 10 723 364 49
10 12 884 161 62
16 10 472 991 28
15 5 909 42 821
3 4 142 368 3
16 19 900 570 729
10 16 368 853 460
10 0 670 503 84
6 5 131 345 479
11 1 32 336 838
8 4 114 831 474
13 8 693 892 785
11 14 678 281 64
18 14 539 909 305
8 14 973 779 903
0 19 967 221 375
11 16 930 114 964
0 2 831 714 914
17 9 443 914 537
12 7 418 937 521
8 5 198 38 615
14 15 725 460 46
5 12 860 994 250
5 1 521 305 71
18 13 571 637 284
3 12 132 116 104
1 11 529 989 804
14 0 666 717 548
7 11 28 507 651
19 11 95 337 438
17 14 367 68 675
1 10 390 522 395
10 13 85 736 550
9 0 351 354 815
1 0 498 702 235
14 12 545 696 186
18 0 663 935 432
15 4 257 71 825
8 14 287 331 964
8 1 538 78 865
2 6 688 525 457
9 6 310 317 995
9 2 548 68 617
8 7 593 250 266
2 19 554 440 448
4 18 17 454 187
8 18 875 218 868
15 8 422 257 122
9 6 358 865 588
12 16 284 843 129
11 15 584 348 392
16 5 332 697 4
9 1 759 322 802
4 7 33 599 845
16 0 56 22 392
14 12 913 849 843
2 19 266 600 857
19 18 990 81 957
0 13 761 511 240
2 11 815 748 899
12 3 599 143 744
13 18 350 214 615
8 13 647 954 951
5 9 498 184 452
14 1 39 269 358
15 2 609 102 953
16 18 73 660 833
19 0 793 257 708
4 6 656 403 42
4 8 663 140 871
4 0 923 781 79
7 12 303 906 756
11 4 351 913 252
19 11 65 164 980
4 8 612 850 762
16 15 619 350 757
14 3 597 361 444
5 0 40 904 332
12 2 954 441 504
8 11 918 156 716
8 7 260 823 585
6 1 585 923 560
12 4 28 566 437
16 0 389 737 427
4 6 643 559 91
4 7 104 57 499
13 4 807 517 501
4 10 63 530 169
8 19 32 150 212
3 8 524 605 309
15 0 773 512 552
3 18 465 178 36
6 7 53 757 339
12 18 411 549 477
1 8 307 44 470
9 7 528 295 957
2 8 742 11 204
12 10 279 179 396
14 4 146 190 573
4 0 806 747 53
5 16 697 194 276
10 19 825 334 991
14 11 496 635 248
17 15 264 706 302
7 16 374 444 105
12 0 908 328 708
14 4 30 200 162
16 0 686 735 404
7 5 512 639 817
6 8 389 695 633
11 12 284 790 732
5 7 820 707 966
16 6 996 319 152
4 5 401 593 201
13 0 364 10 2
4 18 377 632 343
9 7 650 914 488
18 4 822 444 679
6 16 572 212 60
13 18 209 701 536
6 13 267 454 544
8 13 224 536 829
15 19 437 664 847
4 0 998 120 140
4 1 712 586 271
12 0 669 926 926
13 17 70 184 648
18 17 782 890 711
11 13 9 11 525
12 1 882 651 423
13 15 32 863 717
2 8 612 38 794
19 14 140 754 621
3 18 708 520 28
0 1 748 719 359
13 1 744 565 642
15 4 881 780 741
6 7 782 554 494
0 11 915 95 676
2 9 2 736 410
14 7 222 802 558
6 18 552 488 414
10 1 16 592 982
13 7 344 202 27
17 16 303 506 366
13 8 297 201 773
13 0 517 929 125
12 0 268 384 274
1 5 87 130 620
6 18 986 13 708
18 0 969 452 305
7 16 375 487 590
12 6 659 46 956
5 9 383 689 38
4 0 781 900 190
6 16 212 379 614
16 6 532 226 271
13 9 874 0 453
5 7 283 381 524
3 8 744 346 470
14 6 930 449 215
15 1 381 820 176
0 19 911 163 710
17 19 808 599 667
11 16 190 542 473
0 10 17 965 685
0 7 410 999 550
11 6 119 727 494
12 19 35 982 154
5 4 283 731 945
12 2 614 473 19
5 0 646 750 600
7 8 623 990 100
8 3 827 911 4
1 4 745 787 595
7 15 137 579 905
4 17 625 858 856
7 6 803 856 825
3 6 882 509 164
18 10 587 995 179
14 7 328 355 900
3 15 931 221 919
6 17 16 210 713
3 16 407 106 9
8 17 498 811 310
2 6 564 317 453
5 9 823 766 682
13 11 169 981 7
0 7 859 421 945
0 2 132 926 268
9 11 898 504 575
16 3 212 97 293
11 19 439 144 956
2 8 137 219 580
17 7 64 845 882
17 5 398 750 522
4 16 930 517 11
18 0 570 112 947
1 13 634 928 92
0 2 691 178 744
13 5 989 938 505
9 2 661 532 398
2 18 419 857 553
17 19 495 336 317
8 17 458 68 562
16 10 320 888 537
15 14 237 378 583
9 13 542 148 873
0 19 192 816 746
1 16 352 142 225
7 3 112 639 356
3 5 212 833 738
9 12 609 681 840
19 5 423 844 76
10 8 54 159 406
15 2 959 464 845
8 7 341 307 368
15 9 918 662 49
13 4 114 489 614
2 18 168 661 24
6 8 16 72 859
16 10 783 671 297
3 0 644 38 466
10 15 696 658 84
7 13 562 283 282
1 0 176 914 806
5 7 700 608 619
11 1 944 883 215
14 15 351 988 850
13 14 516 158 682
11 7 164 163 616
3 10 637 185 801
13 4 368 29 425
10 13 583 744 466
8 0 603 931 658
7 4 892 490 29
4 14 113 109 338
11 4 856 989 37
8 15 575 990 729
11 6 10 352 210
11 15 515 946 317
3 11 767 324 56
14 19 974 967 573
14 12 697 353 671
4 0 499 384 118
14 2 461 855 226
11 13 973 442 38
17 10 307 741 607
15 1 952 565 556
7 17 72 646 469
7 17 869 399 318
13 15 16 125 807
8 19 40 145 378
17 6 377 262 559
14 0 668 137 510
2 12 90 276 579
17 18 744 85 694
6 9 67 443 220
16 10 945 67 178
2 1 311 785 595
2 11 45 364 833
2 19 300 808 328
19 3 166 427 335
7 10 186 71 283
6 0 418 348 610
12 5 523 398 124
4 12 60 107 653
8 5 397 885 888
12 19 640 155 828
18 16 998 352 435
1 10 925 86 612
12 1 169 52 472
5 0 136 445 378
16 4 600 935 618
18 14 617 225 76
14 15 312 417 814
8 13 124 333 792
12 15 931 630 568
7 0 567 627 403
17 8 900 165 243
16 3 576 271 657
16 0 767 780 282
12 17 469 550 571
10 18 496 180 320
16 15 114 884 385
4 10 464 302 547
15 3 887 78 576
19 12 214 328 427
10 3 510 257 275
4 14 564 734 387
12 4 263 362 279
19 9 397 285 410
13 2 517 816 542
3 9 243 345 603
13 2 927 864 99
7 12 823 777 93
3 0 808 354 507
19 18 763 156 540
7 15 115 779 71
8 17 443 747 775
15 11 304 695 118
1 8 869 857 71
12 2 671 548 310
16 17 132 144 962
9 2 424 710 884
9 13 76 786 976
2 17 959 479 722
13 3 935 47 709
5 17 831 583 757
6 12 255 596 653
7 14 785 729 920
17 5 168 447 992
10 1 690 967 404
2 5 273 432 841
10 16 365 8 810
12 19 350 792 851
9 8 305 172 164
16 15 846 598 317
13 0 952 827 431
7 2 377 87 795
6 15 167 569 132
9 10 321 722 521
16 3 440 480 385
4 17 998 750 971
16 15 830 112 741
11 15 558 922 635
12 2 668 718 607
14 13 993 481 650
14 1 740 18 754
1 4 911 138 849
17 3 518 811 464
3 0 552 997 135
8 12 931 321 956
13 6 449 412 977
17 13 181 371 730
19 9 989 522 687
18 7 453 291 49
10 15 16 228 977
8 19 276 636 778
12 19 675 80 90
12 13 89 150 720
15 5 396 403 206
3 8 666 368 124
1 15 821 827 940
14 12 13 139 441
1 19 100 60 332
9 3 899 377 194
10 13 938 325 672
3 5 846 113 12
11 10 153 890 208
11 10 488 571 579
14 9 820 450 343
17 16 127 322 935
9 7 709 23 883
0 8 477 622 120
18 17 665 200 21
0 14 928 419 956
11 12 460 295 593
4 0 977 571 891
3 15 888 285 333
18 5 80 495 265
13 16 787 798 210
17 15 195 129 305
5 8 0 421 222
11 15 677 444 592
12 0 256 22 824
14 3 857 449 655
1 19 429 597 622
19 18 482 855 575
2 14 650 712 18
13 12 268 109 586
4 11 579 330 103
7 5 815 938 424
19 7 679 869 998
4 1 231 371 501
9 12 113 789 643
5 2 202 474 152
19 2 62 687 660
9 10 605 387 161
8 9 409 954 38
15 1 659 647 120
7 8 620 220 350
7 14 735 571 616
1 6 105 466 156
3 6 905 187 711
3 17 290 16 347
19 2 463 856 886
12 16 495 205 836
3 17 988 880 689
5 7 930 928 484
6 15 576 614 501
1 15 107 907 41
13 2 410 793 579
2 12 133 847 233
1 3 610 431 835
19 1 561 307 396
6 5 853 117 838
11 8 634 220 379
5 1 781 483 813
18 1 119 384 366
13 11 440 844 886
1 7 258 931 16
8 5 622 704 435
9 13 878 743 432
6 10 211 357 367
0 16 449 224 964
6 5 261 298 909
13 1 360 42 308
11 17 289 612 98
2 9 252 776 182
15 1 266 92 124
17 4 159 914 322
19 13 951 438 954
5 11 1 145 441
19 9 30 820 998
3 12 918 665 927
5 2 241 291 143
17 8 298 475 20
2 18 698 389 841
9 2 640 816 704
6 15 553 627 39
18 19 761 160 189
18 13 608 254 138
3 1 337 439 863
1 11 213 986 281
15 16 250 132 603
12 5 445 318 455
5 15 84 535 382
8 7 17 843 74
1 12 182 574 478
10 11 853 211 301
7 12 403 184 36
7 17 223 895 366
14 4 869 90 612
16 8 289 671 297
19 12 308 785 650
17 19 283 817 510
5 8 279 220 609
13 11 491 914 943
0 17 178 716 812
5 10 712 897 906
14 6 803 444 125
4 1 31 561 999
3 1 88 176 843
13 14 739 871 689
15 2 982 275 919
14 10 132 564 205
10 12 131 584 688
18 15 312 169 831
10 6 95 117 296
3 11 234 77 895
19 9 47 963 546
8 0 996 919 414
16 5 706 639 682
18 9 501 111 315
7 18 556 333 803
12 10 123 670 904
4 10 458 774 164
15 13 329 107 396
1 2 647 874 80
6 8 490 599 136
2 19 531 646 921
14 1 495 886 634
14 9 150 644 728
11 3 932 718 521
5 9 796 219 675
9 7 747 99 21
14 3 876 927 25
7 13 600 537 718
5 9 204 663 757
5 6 14 489 501
14 18 708 415 159
13 14 850 675 509
13 4 939 162 488
7 17 110 246 674
13 11 568 182 303
7 4 435 710 827
10 14 745 588 283
2 18 925 404 626
19 15 900 735 680
9 11 675 853 154
7 16 927 848 433
10 4 142 157 841
5 4 181 190 68
1 7 403 413 69
18 17 472 865 399
18 11 219 117 840
17 6 233 369 456
6 18 295 35 623
12 13 800 136 723
10 8 446 395 561
5 2 12 440 892
9 19 912 665 332
19 10 52 234 403
4 0 657 98 399
17 3 695 551 855
9 5 347 118 479
