0 1 1 1 0 0 0 0 0 0 0 0 0 0 0 0 0 0 0 0 0 0 0 0 0
1 0 0 1 0 0 0 0 0 0 0 0 0 0 0 0 0 0 0 0 0 0 0 0 0
1 0 0 0 0 0 0 0 0 1 0 0 0 0 0 0 0 0 0 0 0 0 0 0 0
1 1 0 0 1 1 0 0 0 1 0 0 0 0 0 0 0 0 0 0 0 0 0 0 0
0 0 0 1 0 0 1 0 0 0 0 0 0 0 0 0 0 0 0 0 0 0 0 0 0
0 0 0 1 0 0 1 0 0 0 1 0 0 0 0 0 0 0 0 0 0 0 0 0 0
0 0 0 0 1 1 0 0 0 0 0 0 0 0 0 0 0 0 0 0 0 0 0 0 0
0 0 0 0 0 0 0 0 1 0 0 0 0 0 0 0 0 0 0 0 0 0 0 0 0
0 0 0 0 0 0 0 1 0 0 0 1 0 0 0 0 0 0 0 0 0 0 0 0 0
0 0 1 1 0 0 0 0 0 0 1 0 0 0 0 1 0 0 0 0 0 0 0 0 0
0 0 0 0 0 1 0 0 0 1 0 0 0 0 0 0 0 0 0 0 0 0 0 0 0
0 0 0 0 0 0 0 0 1 0 0 0 0 0 0 0 1 0 0 0 0 0 0 0 0
0 0 0 0 0 0 0 0 0 0 0 0 0 1 0 0 0 0 1 0 0 0 0 0 0
0 0 0 0 0 0 0 0 0 0 0 0 1 0 1 0 0 0 0 0 0 0 0 0 0
0 0 0 0 0 0 0 0 0 0 0 0 0 1 0 0 0 0 0 0 0 1 0 0 0 
0 0 0 0 0 0 0 0 0 1 0 0 0 0 0 0 1 0 0 0 1 0 0 0 0
0 0 0 0 0 0 0 0 0 0 0 1 0 0 0 1 0 0 0 1 0 0 0 0 0
0 0 0 0 0 0 0 0 0 0 0 0 0 0 0 0 0 0 0 1 0 0 0 0 1  
0 0 0 0 0 0 0 0 0 0 0 0 1 0 0 0 0 0 0 0 0 0 0 0 0
0 0 0 0 0 0 0 0 0 0 0 0 0 0 0 0 1 1 0 0 0 0 0 0 0
0 0 0 0 0 0 0 0 0 0 0 0 0 0 0 1 0 0 0 0 0 0 0 0 0
0 0 0 0 0 0 0 0 0 0 0 0 0 0 1 0 0 0 0 0 0 0 0 1 0
0 0 0 0 0 0 0 0 0 0 0 0 0 0 0 0 0 0 0 0 0 0 0 1 1
0 0 0 0 0 0 0 0 0 0 0 0 0 0 0 0 0 0 0 0 0 1 1 0 0
0 0 0 0 0 0 0 0 0 0 0 0 0 0 0 0 0 1 0 0 0 0 1 0 0
19 3 100 512 100000
17 2 100 512 100000
13 3 100 512 100000
10 20 100 512 100000
5 19 100 512 100000
1 5 100 512 100000
1 3 100 512 100000
4 19 100 512 100000
20 1 100 512 100000
1 4 100 512 100000
3 15 100 512 100000
4 1 100 512 100000
7 13 100 512 100000
8 19 100 512 100000
9 18 100 512 100000
25 16 100 512 100000
2 15 100 512 100000
6 10 100 512 100000
6 19 100 512 100000
11 24 100 512 100000
17 10 100 512 100000
11 20 100 512 100000
22 18 100 512 100000
12 3 100 512 100000
9 2 100 512 100000
8 2 100 512 100000
25 20 100 512 100000
25 19 100 512 100000
19 9 100 512 100000
3 12 100 512 100000
14 1 100 512 100000
19 11 100 512 100000
14 20 100 512 100000
19 5 100 512 100000
18 24 100 512 100000
8 17 100 512 100000
21 20 100 512 100000
18 3 100 512 100000
17 20 100 512 100000
7 10 100 512 100000
17 7 100 512 100000
18 5 100 512 100000
16 4 100 512 100000
16 15 100 512 100000
15 23 100 512 100000
9 3 100 512 100000
15 6 100 512 100000
16 19 100 512 100000
15 8 100 512 100000
14 5 100 512 100000
15 20 100 512 100000
24 9 100 512 100000
6 19 100 512 100000
9 15 100 512 100000
7 20 100 512 100000
20 10 100 512 100000


