500
19 15 723 364 49
20 22 884 161 62
6 15 472 991 28
10 15 909 42 821
18 19 142 368 3
6 4 900 570 729
10 21 368 853 460
10 0 670 503 84
1 5 131 345 479
7 11 838 508 344
14 6 474 893 28
18 17 785 889 78
14 3 148 476 353
18 11 415 311 934
3 6 64 178 434
14 9 305 388 494
23 4 903 100 679
17 21 375 871 216
5 14 964 620 242
6 14 914 77 929
18 14 537 812 187
18 12 521 628 325
23 13 615 94 595
0 10 46 405 132
10 19 250 725 861
21 5 71 278 813
21 12 284 223 592
7 16 104 901 491
4 14 804 614 960
16 17 548 187 611
3 7 651 559 651
20 12 438 457 794
17 18 675 561 490
15 22 395 890 613
10 11 550 449 640
1 4 815 341 240
23 2 235 259 459
19 12 545 696 186
11 22 419 784 269
8 20 663 935 432
10 14 257 71 825
23 9 287 331 964
13 16 538 78 865
12 11 688 525 457
9 6 310 317 995
9 17 548 68 617
18 2 593 250 266
7 24 554 440 448
19 3 17 454 187
3 18 875 218 868
20 23 422 257 122
4 6 358 865 588
7 16 284 843 129
21 10 584 348 392
1 5 332 697 4
24 11 759 322 802
14 7 33 599 845
21 5 56 22 392
14 17 913 849 843
12 9 266 600 857
19 3 990 81 957
0 8 761 511 240
2 6 815 748 899
17 13 599 143 744
18 3 350 214 615
3 8 647 954 951
20 24 498 184 452
14 11 39 269 358
20 12 609 102 953
1 23 73 660 833
24 20 793 257 708
4 21 656 403 42
4 23 663 140 871
4 0 923 781 79
12 22 303 906 756
6 19 351 913 252
9 16 65 164 980
19 18 612 850 762
21 0 619 350 757
24 13 597 361 444
15 20 40 904 332
12 7 954 441 504
18 11 918 156 716
18 17 260 823 585
6 11 585 923 560
7 19 28 566 437
21 10 389 737 427
9 21 643 559 91
9 7 104 57 499
8 24 807 517 501
19 20 63 530 169
8 4 32 150 212
18 3 524 605 309
15 20 773 512 552
8 13 465 178 36
16 17 53 757 339
2 13 411 549 477
1 8 307 44 470
24 17 528 295 957
12 18 742 11 204
22 0 279 179 396
9 24 146 190 573
19 15 806 747 53
15 11 697 194 276
10 14 825 334 991
4 21 496 635 248
22 10 264 706 302
22 1 374 444 105
22 0 908 328 708
14 4 30 200 162
1 20 686 735 404
12 5 512 639 817
1 8 389 695 633
11 7 284 790 732
20 22 820 707 966
1 16 996 319 152
14 5 401 593 201
8 10 364 10 2
24 8 377 632 343
9 2 650 914 488
3 9 822 444 679
11 21 572 212 60
5 0 93 218 209
1 11 746 713 267
4 19 255 995 248
23 24 536 829 195
19 12 664 847 484
0 23 120 140 484
11 12 586 271 692
20 19 926 926 593
7 20 184 648 218
15 11 231 193 9
11 0 492 381 882
1 23 350 570 33
5 7 863 717 662
13 12 38 794 439
9 15 754 621 963
18 8 520 28 420
16 23 719 359 393
6 19 565 642 675
19 6 780 741 846
22 7 554 494 20
11 15 95 676 682
14 2 736 410 734
7 22 802 558 266
23 2 488 414 510
6 16 592 982 513
17 19 202 27 477
11 3 506 366 773
23 22 201 773 753
10 17 929 125 72
15 18 384 274 981
20 12 130 620 66
23 11 13 708 218
5 19 452 305 727
1 0 487 590 232
21 9 46 956 985
24 8 689 38 104
5 6 900 190 686
6 12 379 614 56
16 7 226 271 153
14 24 0 453 625
2 8 381 524 43
23 19 346 470 954
21 5 449 215 355
21 6 820 176 820
24 11 163 710 117
4 8 599 667 71
1 15 542 473 200
20 17 965 685 800
7 10 999 550 344
9 6 706 119 727
19 7 299 35 982
4 20 544 283 731
20 17 182 614 473
19 0 200 646 750
0 2 368 623 990
0 23 963 827 911
4 21 164 745 787
20 12 95 137 579
5 4 669 544 497
0 8 856 167 466
3 6 825 243 866
7 9 164 898 670
12 20 179 36 116
9 2 328 355 900
23 15 931 221 919
21 17 16 210 713
3 11 407 106 9
3 17 498 811 310
7 1 564 317 453
0 19 823 766 682
23 6 169 981 7
5 2 859 421 945
15 17 132 926 268
19 11 898 504 575
1 23 212 97 293
21 4 439 144 956
17 8 137 219 580
7 22 64 845 882
22 5 398 750 522
0 5 984 636 930
17 11 445 665 179
19 18 280 570 112
22 21 873 634 928
17 10 382 691 178
19 18 945 989 938
5 4 42 661 532
23 2 978 419 857
3 12 839 495 336
17 8 257 458 68
12 21 710 320 888
12 15 154 237 378
8 24 433 542 148
23 0 759 192 816
21 16 116 352 142
0 2 43 112 639
6 23 765 212 833
13 4 452 609 681
15 19 445 423 844
1 5 308 54 159
6 20 422 959 464
20 13 987 341 307
18 5 449 918 662
24 3 264 114 489
14 12 898 168 661
24 21 8 16 72
9 1 690 783 671
22 13 460 644 38
16 10 375 696 658
9 7 433 562 283
7 1 600 176 914
6 10 247 700 608
19 16 161 944 883
15 24 675 351 988
0 13 254 516 158
7 1 847 164 163
16 8 490 637 185
1 8 824 368 29
0 10 693 583 744
16 13 400 603 931
8 22 124 892 490
4 14 294 113 109
13 1 304 856 989
12 18 855 575 990
4 11 266 10 352
10 6 995 515 946
17 18 823 3 951
17 24 56 34 739
24 17 573 654 312
22 3 671 764 620
24 9 118 463 423
19 7 461 855 226
6 8 973 442 38
2 5 307 741 607
20 21 952 565 556
7 22 72 646 469
19 24 318 433 655
16 0 807 688 399
15 20 378 857 406
2 12 559 254 960
18 12 510 702 312
15 1 579 957 358
19 10 694 506 409
17 18 220 936 610
20 17 178 302 901
11 10 595 762 651
20 14 833 682 559
0 8 328 999 323
16 2 335 107 390
11 21 283 826 980
18 23 610 92 345
24 3 678 544 952
10 7 653 708 765
22 10 888 652 679
15 5 828 478 476
23 2 435 101 530
0 11 612 652 741
19 2 472 5 260
11 20 378 676 624
0 10 618 558 754
17 0 76 254 815
12 17 814 828 913
24 8 792 312 55
6 5 568 767 300
17 2 403 122 142
22 3 900 165 243
16 8 576 271 657
21 15 767 780 282
12 2 469 550 571
5 3 496 180 320
1 0 114 884 385
24 5 464 302 547
20 3 887 78 576
14 17 214 328 427
10 13 510 257 275
14 19 564 734 387
2 24 263 362 279
9 4 397 285 410
13 17 517 816 542
23 4 243 345 603
3 12 927 864 99
12 7 823 777 93
18 10 808 354 507
19 3 763 156 540
22 10 115 779 71
13 7 443 747 775
0 1 304 695 118
1 13 869 857 71
2 7 671 548 310
16 2 132 144 962
4 22 424 710 884
24 13 76 786 976
17 22 959 479 722
10 22 709 25 277
6 8 757 226 552
5 21 653 187 274
10 4 920 977 925
18 22 992 750 841
15 17 404 62 25
23 7 841 550 916
15 8 810 232 579
0 17 851 49 588
5 22 164 656 575
21 23 317 693 600
6 12 602 377 87
20 6 535 167 569
7 14 870 321 722
21 6 856 476 843
15 5 385 144 357
23 0 971 56 715
5 12 741 291 675
8 22 635 532 82
7 24 233 993 481
0 9 21 740 18
4 16 504 911 138
24 7 563 518 811
14 18 260 552 997
10 18 912 931 321
6 13 326 449 412
2 7 193 181 371
5 14 389 989 522
12 18 87 453 291
24 10 575 16 228
2 18 99 276 636
3 22 999 675 80
15 7 193 89 150
20 10 125 396 403
6 18 48 666 368
24 6 295 821 827
15 14 312 13 139
16 1 879 100 60
7 14 103 899 377
19 20 73 938 325
22 3 865 846 113
12 1 50 153 890
8 1 930 488 571
4 9 749 820 450
18 2 876 127 322
10 24 427 709 23
8 10 548 477 622
20 3 557 665 200
21 5 54 928 419
6 21 372 460 295
18 9 760 977 571
16 18 315 888 285
20 15 253 156 787
23 10 637 195 195
4 5 845 848 0
21 22 391 275 677
19 17 952 940 256
22 24 440 260 994
18 7 449 655 421
9 4 597 622 379
3 7 855 575 962
9 0 712 18 333
22 18 109 586 524
1 4 330 103 667
20 15 938 424 739
22 4 869 998 884
16 6 371 501 473
8 19 412 113 789
18 15 242 202 474
2 9 399 859 422
10 19 670 605 387
11 3 169 409 954
13 20 301 659 647
20 7 148 620 220
0 22 334 735 571
16 1 706 105 466
6 23 886 905 187
11 8 197 290 16
22 24 762 463 856
11 17 116 495 205
11 13 557 988 880
14 20 907 930 928
9 21 195 576 614
1 16 615 107 907
16 23 582 410 793
4 21 21 542 372
8 22 233 301 143
10 6 835 419 481
11 7 396 626 105
3 17 838 351 908
9 20 379 245 121
6 8 813 138 121
19 9 366 633 251
15 19 886 661 347
8 6 16 408 865
22 4 435 209 893
3 18 432 886 150
11 7 367 920 96
14 11 745 261 298
9 8 641 360 42
8 11 517 289 612
23 22 9 252 776
7 20 701 266 92
24 7 624 159 914
22 19 573 951 438
4 10 931 1 145
16 7 627 679 489
5 20 998 683 672
18 15 927 765 802
18 22 608 298 475
20 17 258 698 389
16 4 682 640 816
4 6 815 553 627
14 23 19 761 160
14 23 513 608 254
13 23 301 337 439
13 6 431 213 986
6 5 576 250 132
3 17 765 445 318
5 15 675 84 535
7 23 827 17 843
24 16 732 182 574
3 20 191 853 211
1 22 932 403 184
11 7 337 223 895
16 19 904 869 90
12 1 428 289 671
22 9 432 308 785
0 2 899 283 817
10 5 688 279 220
9 3 611 491 914
18 20 757 178 716
12 15 10 712 897
6 24 606 803 444
0 4 161 31 561
24 8 821 88 176
9 14 871 689 175
2 7 275 919 74
20 7 564 205 910
7 6 584 688 198
20 12 169 831 430
16 20 117 296 243
1 9 77 895 679
19 22 963 546 288
15 21 919 414 796
0 6 639 682 398
4 1 111 315 947
18 6 333 803 52
5 23 670 904 51
21 4 50 458 774
14 10 213 329 107
21 6 662 647 874
5 11 348 490 599
11 22 399 531 646
21 9 181 495 886
9 14 489 150 644
3 6 403 932 718
21 10 349 796 219
0 14 187 747 99
21 24 543 876 927
0 12 433 600 537
18 5 569 204 663
7 0 106 14 489
1 16 316 974 338
8 15 159 913 414
9 3 824 939 162
13 17 597 110 246
24 2 652 433 711
18 7 303 947 764
2 5 914 745 588
8 7 478 925 404
1 14 715 900 735
5 4 171 675 853
4 7 76 927 848
8 20 424 142 157
16 10 764 181 190
18 21 887 403 413
19 18 837 472 865
24 18 671 219 117
15 22 166 233 369
6 11 398 295 35
23 2 693 800 136
23 20 228 446 395
11 1 746 385 862
12 15 892 929 79
12 15 332 879 470
