50
0 0 1 0 0 0 0 0 0 0 1 0 0 0 0
0 0 0 0 0 1 0 0 0 0 0 0 0 1 0
1 0 0 1 0 1 0 0 0 0 0 0 0 0 0
0 0 1 0 0 0 0 0 0 0 0 0 0 0 0
0 0 0 0 0 1 1 1 0 0 0 0 0 0 0
0 1 1 0 1 0 0 0 0 1 0 0 0 0 0
0 0 0 0 1 0 0 0 0 1 0 0 1 0 0
0 0 0 0 1 0 0 0 0 0 0 0 0 0 0
0 0 0 0 0 0 0 0 0 0 0 0 1 1 0
0 0 0 0 0 1 1 0 0 0 0 0 0 0 0
1 0 0 0 0 0 0 0 0 0 0 0 0 0 1
0 0 0 0 0 0 0 0 0 0 0 0 1 0 1
0 0 0 0 0 0 1 0 1 0 0 1 0 0 0
0 1 0 0 0 0 0 0 1 0 0 0 0 0 0
0 0 0 0 0 0 0 0 0 0 1 1 0 0 0
9 3 100 512 100000
7 2 100 512 100000
13 3 100 512 100000
10 2 100 512 100000
5 9 100 512 100000
1 5 100 512 100000
1 3 100 512 100000
4 9 100 512 100000
2 1 100 512 100000
1 4 100 512 100000
3 15 100 512 100000
4 1 100 512 100000
7 13 100 512 100000
8 1 100 512 100000
9 8 100 512 100000
5 6 100 512 100000
2 15 100 512 100000
6 10 100 512 100000
6 9 100 512 100000
11 4 100 512 100000
7 10 100 512 100000
11 2 100 512 100000
2 8 100 512 100000
12 3 100 512 100000
9 2 100 512 100000
8 2 100 512 100000
5 2 100 512 100000
9 12 100 512 100000
5 1 100 512 100000
3 12 100 512 100000
14 1 100 512 100000
9 11 100 512 100000
14 2 100 512 100000
9 5 100 512 100000
8 4 100 512 100000
8 7 100 512 100000
1 2 100 512 100000
8 3 100 512 100000
7 12 100 512 100000
7 11 100 512 100000
1 7 100 512 100000
8 5 100 512 100000
1 4 100 512 100000
6 15 100 512 100000
15 3 100 512 100000
9 3 100 512 100000
15 6 100 512 100000
6 1 100 512 100000
15 8 100 512 100000
14 5 100 512 100000
15 2 100 512 100000
4 7 100 512 100000
6 1 100 512 100000
9 15 100 512 100000
7 5 100 512 100000
2 10 100 512 100000


